"",,,,,,,,,,
